Vertex C0 0 982 408 0
Vertex C1 1 533 314 0
Vertex C2 2 75 620 0
Vertex C3 3 399 322 0
Vertex C4 4 169 864 0
Vertex C5 5 245 447 0
Vertex C6 6 317 388 0
Vertex C7 7 697 55 0
Vertex C8 8 486 436 0
Vertex C9 9 276 614 0
Vertex C10 10 910 846 0
Vertex C11 11 415 927 0
Vertex C12 12 226 861 0
Vertex C13 13 755 165 0
Vertex C14 14 560 56 0
Vertex C15 15 566 868 0
Vertex C16 16 812 952 0
Vertex C17 17 665 791 0
Vertex C18 18 673 258 0
Vertex C19 19 212 415 0
Vertex C20 20 217 67 0
Vertex C21 21 75 411 0
Vertex C22 22 416 578 0
Vertex C23 23 141 27 0
Vertex C24 24 458 794 0
Vertex C25 25 191 295 0
Vertex C26 26 726 273 0
Vertex C27 27 166 781 0
Vertex C28 28 872 291 0
Vertex C29 29 979 569 0
Vertex C30 30 284 729 0
Vertex C31 31 333 37 0
Vertex C32 32 866 786 0
Vertex C33 33 407 368 0
Vertex C34 34 510 414 0
Vertex C35 35 899 929 0
Vertex C36 36 719 984 0
Vertex C37 37 181 591 0
Vertex C38 38 325 324 0
Vertex C39 39 413 216 0
Vertex C40 40 15 675 0
Vertex C41 41 8 36 0
Vertex C42 42 752 171 0
Vertex C43 43 413 75 0
Vertex C44 44 352 352 0
Vertex C45 45 812 83 0
Vertex C46 46 381 385 0
Vertex C47 47 971 383 0
Vertex C48 48 581 769 0
Vertex C49 49 456 960 0
Edge 0 1 459
Edge 0 6 665
Edge 0 8 497
Edge 0 10 443
Edge 0 14 550
Edge 0 21 907
Edge 0 23 924
Edge 0 25 799
Edge 0 29 161
Edge 0 33 576
Edge 0 37 821
Edge 0 38 663
Edge 0 46 602
Edge 0 47 27
Edge 0 48 539
Edge 1 2 550
Edge 1 3 134
Edge 1 4 659
Edge 1 6 228
Edge 1 9 394
Edge 1 12 626
Edge 1 13 267
Edge 1 16 696
Edge 1 17 494
Edge 1 19 336
Edge 1 22 288
Edge 1 23 486
Edge 1 28 340
Edge 1 32 577
Edge 1 36 695
Edge 1 40 630
Edge 1 45 361
Edge 1 48 457
Edge 2 3 440
Edge 2 6 335
Edge 2 8 450
Edge 2 12 284
Edge 2 16 808
Edge 2 18 699
Edge 2 35 880
Edge 2 38 387
Edge 2 39 526
Edge 2 40 81
Edge 2 41 587
Edge 2 42 812
Edge 3 4 589
Edge 3 9 317
Edge 3 11 605
Edge 3 14 310
Edge 3 17 539
Edge 3 18 281
Edge 3 20 312
Edge 3 21 335
Edge 3 26 331
Edge 3 36 735
Edge 3 37 346
Edge 3 38 74
Edge 3 39 106
Edge 3 42 383
Edge 3 43 247
Edge 3 47 575
Edge 4 5 423
Edge 4 11 253
Edge 4 16 649
Edge 4 21 462
Edge 4 24 297
Edge 4 28 906
Edge 4 32 701
Edge 4 39 692
Edge 5 6 93
Edge 5 11 508
Edge 5 19 46
Edge 5 20 381
Edge 5 22 214
Edge 5 31 419
Edge 5 40 323
Edge 5 41 475
Edge 5 45 673
Edge 5 49 553
Edge 6 7 505
Edge 6 10 749
Edge 6 14 411
Edge 6 15 541
Edge 6 17 531
Edge 6 18 379
Edge 6 23 401
Edge 6 24 430
Edge 6 25 156
Edge 6 26 425
Edge 6 28 563
Edge 6 38 64
Edge 6 41 468
Edge 6 47 653
Edge 7 8 435
Edge 7 13 123
Edge 7 14 137
Edge 7 21 716
Edge 7 22 593
Edge 7 23 557
Edge 7 25 559
Edge 7 27 899
Edge 7 32 749
Edge 7 33 426
Edge 7 35 896
Edge 7 38 459
Edge 7 39 326
Edge 7 42 128
Edge 7 45 118
Edge 7 46 457
Edge 7 48 722
Edge 7 49 935
Edge 8 9 275
Edge 8 11 496
Edge 8 12 498
Edge 8 13 381
Edge 8 17 397
Edge 8 18 258
Edge 8 21 411
Edge 8 22 158
Edge 8 24 359
Edge 8 25 326
Edge 8 26 290
Edge 8 28 412
Edge 8 29 511
Edge 8 33 103
Edge 8 34 32
Edge 8 36 595
Edge 8 38 196
Edge 8 41 622
Edge 8 42 375
Edge 8 48 346
Edge 8 49 524
Edge 9 10 674
Edge 9 16 633
Edge 9 17 426
Edge 9 18 533
Edge 9 26 564
Edge 9 30 114
Edge 9 35 697
Edge 9 38 294
Edge 9 39 421
Edge 9 42 650
Edge 9 44 272
Edge 10 11 501
Edge 10 14 864
Edge 10 22 561
Edge 10 25 905
Edge 10 26 601
Edge 10 27 746
Edge 10 32 74
Edge 10 37 771
Edge 10 38 784
Edge 10 39 802
Edge 10 41 1212
Edge 10 45 768
Edge 10 49 468
Edge 11 12 200
Edge 11 14 882
Edge 11 19 549
Edge 11 21 617
Edge 11 24 139
Edge 11 25 670
Edge 11 28 782
Edge 11 30 237
Edge 11 31 893
Edge 11 33 559
Edge 11 34 521
Edge 11 38 609
Edge 11 39 711
Edge 11 40 472
Edge 11 48 229
Edge 12 13 873
Edge 12 16 593
Edge 12 19 445
Edge 12 20 793
Edge 12 22 340
Edge 12 23 838
Edge 12 24 241
Edge 12 26 771
Edge 12 29 807
Edge 12 34 529
Edge 12 36 507
Edge 12 38 545
Edge 12 40 280
Edge 12 43 807
Edge 12 44 523
Edge 12 45 973
Edge 12 47 884
Edge 12 48 366
Edge 13 14 223
Edge 13 15 728
Edge 13 20 546
Edge 13 21 722
Edge 13 23 629
Edge 13 26 112
Edge 13 29 462
Edge 13 33 402
Edge 13 34 349
Edge 13 38 458
Edge 13 41 757
Edge 13 43 353
Edge 13 46 434
Edge 14 15 812
Edge 14 20 342
Edge 14 22 541
Edge 14 28 391
Edge 14 30 727
Edge 14 32 791
Edge 14 38 356
Edge 14 39 217
Edge 14 40 824
Edge 14 42 224
Edge 14 43 147
Edge 14 49 909
Edge 15 16 260
Edge 15 17 125
Edge 15 18 620
Edge 15 19 574
Edge 15 20 873
Edge 15 21 670
Edge 15 29 510
Edge 15 30 314
Edge 15 32 311
Edge 15 33 525
Edge 15 34 457
Edge 15 37 473
Edge 15 39 670
Edge 16 17 218
Edge 16 24 387
Edge 16 25 904
Edge 16 27 668
Edge 16 28 662
Edge 16 35 89
Edge 16 39 837
Edge 16 43 963
Edge 16 48 295
Edge 17 18 533
Edge 17 20 850
Edge 17 24 206
Edge 17 27 498
Edge 17 30 385
Edge 17 32 201
Edge 17 33 495
Edge 17 35 272
Edge 17 36 200
Edge 17 39 627
Edge 17 47 509
Edge 17 49 268
Edge 18 19 487
Edge 18 20 494
Edge 18 23 580
Edge 18 24 578
Edge 18 26 55
Edge 18 27 729
Edge 18 32 562
Edge 18 36 727
Edge 18 41 701
Edge 18 43 318
Edge 19 20 348
Edge 19 21 137
Edge 19 22 260
Edge 19 23 395
Edge 19 24 451
Edge 19 26 533
Edge 19 30 321
Edge 19 34 297
Edge 19 35 857
Edge 19 38 145
Edge 19 39 283
Edge 19 43 395
Edge 19 44 153
Edge 20 21 372
Edge 20 26 549
Edge 20 29 912
Edge 20 30 665
Edge 20 35 1098
Edge 20 42 544
Edge 20 44 315
Edge 20 45 594
Edge 20 48 790
Edge 21 22 379
Edge 21 23 390
Edge 21 29 917
Edge 21 34 434
Edge 21 37 208
Edge 21 39 390
Edge 21 41 381
Edge 21 42 718
Edge 21 46 306
Edge 22 23 616
Edge 22 30 200
Edge 22 31 547
Edge 22 32 495
Edge 22 36 506
Edge 22 37 235
Edge 22 42 527
Edge 22 44 234
Edge 23 24 830
Edge 23 26 635
Edge 23 39 331
Edge 23 41 132
Edge 23 43 276
Edge 23 44 388
Edge 23 46 431
Edge 23 49 984
Edge 24 25 566
Edge 24 27 292
Edge 24 39 580
Edge 24 46 416
Edge 25 26 535
Edge 25 27 487
Edge 25 29 834
Edge 25 35 950
Edge 25 39 235
Edge 25 41 316
Edge 25 44 170
Edge 25 46 209
Edge 26 27 756
Edge 26 29 389
Edge 26 31 459
Edge 26 32 531
Edge 26 44 382
Edge 26 48 516
Edge 26 49 737
Edge 27 28 859
Edge 27 36 588
Edge 27 40 184
Edge 27 45 950
Edge 28 29 297
Edge 28 31 596
Edge 28 33 471
Edge 28 37 752
Edge 28 42 169
Edge 28 43 507
Edge 28 48 559
Edge 28 49 787
Edge 29 30 713
Edge 29 32 244
Edge 29 37 798
Edge 29 39 667
Edge 29 41 1107
Edge 29 44 663
Edge 29 45 513
Edge 29 46 626
Edge 30 31 693
Edge 30 32 584
Edge 30 33 381
Edge 30 34 387
Edge 30 35 647
Edge 30 38 406
Edge 30 39 529
Edge 30 45 833
Edge 30 47 769
Edge 31 32 919
Edge 31 35 1056
Edge 31 39 195
Edge 31 43 88
Edge 31 46 351
Edge 31 47 725
Edge 31 48 772
Edge 31 49 930
Edge 32 33 620
Edge 32 34 514
Edge 32 37 711
Edge 32 39 728
Edge 32 40 857
Edge 32 41 1139
Edge 32 42 625
Edge 32 43 843
Edge 32 45 704
Edge 32 46 629
Edge 32 47 415
Edge 32 49 445
Edge 33 34 112
Edge 33 38 93
Edge 33 39 152
Edge 33 46 31
Edge 33 47 563
Edge 34 35 645
Edge 34 37 373
Edge 34 38 206
Edge 34 41 628
Edge 34 42 342
Edge 34 45 447
Edge 34 48 361
Edge 35 36 188
Edge 35 39 863
Edge 35 42 771
Edge 35 45 849
Edge 35 48 356
Edge 35 49 444
Edge 36 37 665
Edge 36 40 767
Edge 36 44 729
Edge 37 38 303
Edge 37 39 440
Edge 37 42 708
Edge 37 43 565
Edge 37 45 809
Edge 37 47 816
Edge 37 48 437
Edge 38 39 139
Edge 38 41 427
Edge 38 43 264
Edge 38 44 39
Edge 38 45 543
Edge 38 46 83
Edge 38 49 649
Edge 39 40 607
Edge 39 45 420
Edge 39 46 172
Edge 40 41 639
Edge 40 42 892
Edge 40 44 466
Edge 40 45 992
Edge 40 48 573
Edge 40 49 524
Edge 41 42 756
Edge 41 45 805
Edge 41 49 1026
Edge 42 43 352
Edge 42 46 428
Edge 43 44 284
Edge 43 46 312
Edge 43 47 637
Edge 44 45 532
Edge 45 46 526
Edge 45 48 722
Edge 45 49 945
Edge 46 47 590
Edge 46 49 579
Edge 47 48 548
Edge 48 49 228
